
Prime Connected Projections Rooted
l\n	1	2	3	4	5	6	7	8
4	1	2	6	22	91	408	1938	9614
6	.	3	14	63	294	1428	7182	37191
8	.	.	12	90	540	3060	17100	95634
10	.	.	.	55	572	4290	28600	180895
12	.	.	.	.	273	3640	32760	251160
14	.	.	.	.	.	1428	23256	244188
16	.	.	.	.	.	.	7752	149226
18	.	.	.	.	.	.	.	43263
all:	1	5	32	230	1770	14254	118588	1011171


Prime Connected Projections Up To Rotations
l\n	1	2	3	4	5	6	7	8	9
4	1	1	2	7	25	108	492	2431	12371
6	.	1	3	12	49	246	1197	6226	32898
8	.	.	2	13	70	390	2150	11997	67340
10	.	.	.	7	58	438	2860	18139	111540
12	.	.	.	.	25	310	2744	20972	147978
14	.	.	.	.	.	108	1662	17496	151164
16	.	.	.	.	.	.	492	9349	112002
18	.	.	.	.	.	.	.	2431	53418
20	.	.	.	.	.	.	.	.	12371
all:	1	2	7	39	227	1600	11597	89041	701082


Prime Connected Projections Up To Rotations And Reflections
l\n	1	2	3	4	5	6	7	8
4	1	1	2	6	19	71	293	1348
6	.	1	2	8	29	138	638	3237
8	.	.	2	8	41	210	1125	6138
10	.	.	.	5	31	231	1458	9183
12	.	.	.	.	16	161	1406	10572
14	.	.	.	.	.	60	840	8818
16	.	.	.	.	.	.	261	4702
18	.	.	.	.	.	.	.	1243
all:	1	2	6	27	136	871	6021	45241


Connected Templates Rooted
l\n	1	2	3	4	5	6	7	8	9	10	11	12
4	1	.	.	.	1	.	4	6	24	66	214	676
6	.	3	2	3	6	14	36	99	286	858	2652	8398
8	.	.	12	18	36	84	216	594	1716	5148	15912	50388
10	.	.	.	55	132	330	880	2475	7260	22022	68640	218790
12	.	.	.	.	273	910	2730	8190	25025	78078	248430	804440
14	.	.	.	.	.	1428	6120	21420	71400	235620	779688	2598960
16	.	.	.	.	.	.	7752	40698	162792	596904	2116296	7407036
18	.	.	.	.	.	.	.	43263	269192	1211364	4845456	18372354
20	.	.	.	.	.	.	.	.	246675	1776060	8880300	38481300
22	.	.	.	.	.	.	.	.	.	1430715	11705850	64382175
24	.	.	.	.	.	.	.	.	.	.	8414640	77134200
26	.	.	.	.	.	.	.	.	.	.	.	50067108
all:	1	3	14	76	448	2766	17738	116745	784370	5356835	37078078	259525825


Connected Templates Up To Rotations
l\n	1	2	3	4	5	6	7	8	9	10	11	12
4	1	.	.	.	1	.	1	2	7	17	55	172
6	.	1	1	1	1	4	6	19	49	150	442	1424
8	.	.	2	3	5	11	28	76	217	647	1996	6310
10	.	.	.	7	14	36	88	255	726	2224	6864	21942
12	.	.	.	.	25	79	231	686	2098	6517	20727	67078
14	.	.	.	.	.	108	438	1548	5100	16884	55692	185808
16	.	.	.	.	.	.	492	2551	10197	37329	132336	463021
18	.	.	.	.	.	.	.	2431	14962	67408	269192	1021090
20	.	.	.	.	.	.	.	.	12371	88834	444158	1924208
22	.	.	.	.	.	.	.	.	.	65169	532085	2927145
24	.	.	.	.	.	.	.	.	.	.	350792	3214110
26	.	.	.	.	.	.	.	.	.	.	.	1926372
all:	1	1	3	11	46	238	1284	7568	45727	285179	1814339	11758680


Connected Templates Up To Rotations And Reflections
legs\v	1	2	3	4	5	6	7	8	9	10	11	12	
4	1	0	0	0	1	0	1	2	4	11	33	94	
6	0	1	1	1	1	3	4	12	29	83	236	746	
8	0	0	2	2	4	7	17	43	118	340	1034	3226	
10	0	0	0	5	9	22	49	139	379	1148	3495	11113	
12	0	0	0	0	16	42	126	355	1080	3308	10475	33732	
14	0	0	0	0	0	60	228	799	2586	8535	27991	93251	
16	0	0	0	0	0	0	261	1288	5164	18745	66415	231906	
18	0	0	0	0	0	0	0	1243	7525	33856	134834	511226	
20	0	0	0	0	0	0	0	0	6257	44482	222482	962620	
22	0	0	0	0	0	0	0	0	0	32721	266270	1464500	
24	0	0	0	0	0	0	0	0	0	0	175760	1607405	
26	0	0	0	0	0	0	0	0	0	0	0	963900	
total:	1	1	3	8	31	134	686	3881	23142	143229	909025	5883719	


Alternating Tangles Rooted
l\n	1	2	3	4	5	6	7	8	9	10	11	12
4	1	2	4	10	29	98	372	1538	6755	30996	146982	715120 
6	.	3	14	51	186	708	2850	12099	53756	247911
8	.	.	12	90	468	2196	10044	46170	215832	1029564
10	.	.	.	55	572	3850	22000	117095	605000	3096346
12	.	.	.	.	273	3640	30030	202020	1225770	7037394
14	.	.	.	.	.	1428	23256	227052	1756440	11965212
16	.	.	.	.	.	.	7752	149226	1682184	14705544
18	.	.	.	.	.	.	.	43263	961400	12286692
20	.	.	.	.	.	.	.	.	246675	6216210
22	.	.	.	.	.	.	.	.	.	1430715
all:	1	5	30	206	1528	11920	96304	798463	6753812	58046584


Alternating Tangles Up To Rotations
l\n	1	2	3	4	5	6	7	8	9	10	11
4	1	1	2	5	13	39	129	488	1969	8570	39078
6	.	1	3	10	31	125	475	2036	8966	41402	196392
8	.	.	2	13	62	284	1277	5834	27122	129113	627314
10	.	.	.	7	58	394	2200	11753	60500	309844	1585540
12	.	.	.	.	25	310	2520	16884	102289	586824	3269182
14	.	.	.	.	.	108	1662	16272	125460	855000	5401512
16	.	.	.	.	.	.	492	9349	105234	919374	6946647
18	.	.	.	.	.	.	.	2431	53418	682924	6652888
20	.	.	.	.	.	.	.	.	12371	310913	4440722
22	.	.	.	.	.	.	.	.	.	65169	1832735
24	.	.	.	.	.	.	.	.	.	.	350792
all:	1	2	7	35	189	1260	8755	65047	497329	3909133	31342802


Alternating Tangles Up To Rotations And Reflections
legs\v	1	2	3	4	5	6	7	8	9	10	11	12	
4	1	1	2	5	13	36	111	373	1362	5378	22807	102617	
6	0	1	2	7	20	77	276	1135	4823	21734	101307	488093	
8	0	0	2	8	37	157	687	3052	13981	65797	317506	1565163	
10	0	0	0	5	31	209	1128	5986	30556	155964	795918	4092027	
12	0	0	0	0	16	161	1294	8528	51475	294366	1637855	8979493	
14	0	0	0	0	0	60	840	8206	62895	428254	2702902	16313106	
16	0	0	0	0	0	0	261	4702	52815	460189	3475551	23979733	
18	0	0	0	0	0	0	0	1243	26753	341878	3327424	27625056	
20	0	0	0	0	0	0	0	0	6257	155593	2221544	23869621	
22	0	0	0	0	0	0	0	0	0	32721	916595	14473275	
24	0	0	0	0	0	0	0	0	0	0	175760	5464661	
26	0	0	0	0	0	0	0	0	0	0	0	963900	
total:	1	2	6	25	117	700	4597	33225	250917	1961874	15695169	127916745	


Reduced Projections Up To Rotations And Reflections
legs\v	1	2	3	4	5	6	7	8	9	10	11	12	
4	1	0	0	0	1	1	3	9	26	74	238	770	
6	0	1	1	1	1	4	7	24	69	226	719	2423	
8	0	0	2	2	4	7	21	58	185	596	1998	6753	
10	0	0	0	5	9	22	49	152	458	1545	5188	17990	
12	0	0	0	0	16	42	126	355	1144	3769	13012	45515	
14	0	0	0	0	0	60	228	799	2586	8850	30754	109843	
16	0	0	0	0	0	0	261	1288	5164	18745	68142	248891	
18	0	0	0	0	0	0	0	1243	7525	33856	134834	520884	
20	0	0	0	0	0	0	0	0	6257	44482	222482	962620	
22	0	0	0	0	0	0	0	0	0	32721	266270	1464500	
24	0	0	0	0	0	0	0	0	0	0	175760	1607405	
26	0	0	0	0	0	0	0	0	0	0	0	963900	
total:	1	1	3	8	31	136	695	3928	23414	144864	919397	5951494	


Alternating Virtual Link Skeletons
n\g	1	2	3	4	total
1	0	0	0	0	0
2	1	0	0	0	1
3	1	0	0	0	1
4	3	1	0	0	4
5	3	12	0	0	15
6	14	93	29	0	136
7	22	521	721	0	1264
8	80	3091	12676	2526	18373


Prime Connected Diagrams Up To Rotations And Reflections
l\n	1	2	3	4	5	6
4	1	2	7	50	375	3314
6	.	3	10	93	784	7706
8	.	.	10	96	1102	12310
10	.	.	.	58	916	13862
12	.	.	.	.	397	9753
14	.	.	.	.	.	3388
all:	1	5	27	297	3574	50333


Sigle Vertex Embedded Graphs Up To Rotation And Reflections
n\g	1	2	3	4	5	6	total
2	1	.	.	.	.	.	1
3	2	.	.	.	.	.	2
4	3	4	.	.	.	.	7
5	4	25	.	.	.	.	29
6	6	108	82	.	.	.	196
7	7	370	1411	.	.	.	1788
8	9	1089	13638	7258	.	.	21994
9	11	2822	91661	231621	.	.	326115
10	13	6623	478123	3602043	1491629	.	5578431
11	15	14328	2062183	36849649	68099862	.	107026037
12	18	28992	7666595	282274848	1472428884	506855279	2269254616
13	20	55407	25284542	1741085399	20569202305	30302436821	52638064494


Sigle Vertex Embedded Graphs With No Parallel Edges Up To Rotation And Reflections
n\g	1	2	3	4	5	6	total
2	1	.	.	.	.	.	1
3	1	.	.	.	.	.	1
4	.	4	.	.	.	.	4
5	.	18	.	.	.	.	18
6	.	34	82	.	.	.	116
7	.	38	1022	.	.	.	1060
8	.	20	5741	7258	.	.	13019
9	.	8	18281	175136	.	.	193425
10	.	.	36232	1785661	1491629	.	3313522
11	.	.	46784	10404521	53216483	.	63667788
12	.	.	39296	39253436	805552733	506855279	1351700744
13	.	.	20978	102396728	7067326462	24220951540	31390695708


Bicolourable Sigle Vertex Embedded Graphs Up To Rotation And Reflections
n\g	1	2	3	4	5	6	total
2	.	.	.	.	.	.	.
3	1	.	.	.	.	.	1
4	1	.	.	.	.	.	1
5	1	3	.	.	.	.	4
6	2	7	.	.	.	.	9
7	2	25	16	.	.	.	43
8	3	69	126	.	.	.	198
9	3	177	972	283	.	.	1435
10	4	411	5333	5864	.	.	11612
11	4	871	24428	74529	14267	.	114099
12	6	1783	94873	652067	494271	.	1243000
13	5	3355	323914	4426324	8886034	1321582	14961214

